\e[49m                        \e[38;2;43;40;55;49m▄\e[38;2;40;38;55;49m▄\e[38;2;45;42;57;49m▄\e[38;2;46;43;58;49m▄\e[49m                                            \e[m
\e[49m                        \e[38;2;40;38;55;48;2;41;39;55m▄\e[48;2;28;27;43m   \e[38;2;28;27;43;48;2;46;43;58m▄\e[38;2;37;35;52;48;2;45;42;57m▄\e[38;2;46;43;58;49m▄\e[49m              \e[38;2;39;38;54;49m▄\e[38;2;46;43;58;49m▄▄▄▄\e[38;2;43;40;55;49m▄\e[49m                     \e[m
\e[49m                        \e[38;2;38;36;46;48;2;43;40;55m▄\e[48;2;28;27;43m      \e[38;2;28;27;43;48;2;46;43;58m▄\e[38;2;46;43;58;48;2;39;37;53m▄▄\e[48;2;46;43;58m   \e[38;2;46;43;58;48;2;39;37;55m▄\e[48;2;46;43;58m  \e[38;2;46;43;58;49m▄▄▄\e[38;2;32;30;47;48;2;40;38;55m▄\e[38;2;28;27;43;48;2;46;43;58m▄\e[38;2;28;27;43;48;2;31;30;46m▄\e[48;2;28;27;43m   \e[38;2;33;31;48;48;2;29;28;44m▄\e[49;38;2;43;40;55m▀\e[49m                     \e[m
\e[49m                         \e[38;2;43;40;55;48;2;39;37;53m▄\e[48;2;28;27;43m \e[38;2;46;43;58;48;2;28;27;43m▄▄▄\e[38;2;46;43;58;48;2;44;41;56m▄\e[48;2;46;43;58m           \e[38;2;46;43;58;48;2;28;27;43m▄\e[48;2;28;27;43m     \e[38;2;32;30;46;48;2;28;27;43m▄\e[49;38;2;43;40;55m▀\e[49m                      \e[m
\e[49m                        \e[38;2;46;43;58;49m▄\e[48;2;46;43;58m           \e[38;2;43;40;55;48;2;46;43;58m▄\e[48;2;46;43;58m        \e[38;2;46;43;58;48;2;28;27;43m▄▄\e[38;2;40;38;55;48;2;28;27;43m▄\e[49;38;2;43;40;55m▀\e[49m                       \e[m
\e[49m                      \e[38;2;43;40;55;49m▄\e[38;2;46;43;58;48;2;44;41;56m▄\e[48;2;46;43;58m            \e[38;2;27;26;42;48;2;40;38;55m▄\e[48;2;46;43;58m          \e[38;2;46;43;58;48;2;43;40;55m▄\e[38;2;42;39;55;49m▄\e[49m                       \e[m
\e[49m                     \e[38;2;46;43;58;48;2;41;39;55m▄\e[48;2;46;43;58m     \e[38;2;43;40;55;48;2;46;43;58m▄\e[38;2;42;39;55;48;2;46;43;58m▄\e[38;2;41;38;55;48;2;46;43;58m▄\e[38;2;41;39;55;48;2;46;43;58m▄▄▄\e[38;2;42;40;55;48;2;46;43;58m▄\e[48;2;46;43;58m \e[38;2;42;40;55;48;2;46;43;58m▄\e[48;2;28;27;43m \e[38;2;43;40;55;48;2;46;43;58m▄▄\e[38;2;40;38;55;48;2;46;43;58m▄▄▄▄\e[38;2;41;38;55;48;2;46;43;58m▄\e[38;2;43;40;55;48;2;46;43;58m▄\e[48;2;46;43;58m    \e[38;2;45;42;57;48;2;40;38;55m▄\e[49m                      \e[m
\e[49m                      \e[38;2;43;40;55;48;2;40;38;55m▄\e[48;2;46;43;58m    \e[48;2;22;21;36m      \e[38;2;24;23;38;48;2;22;21;36m▄\e[38;2;27;26;42;48;2;43;40;55m▄\e[38;2;28;27;43;48;2;32;31;47m▄\e[48;2;28;27;43m \e[38;2;28;27;43;48;2;42;39;55m▄\e[38;2;25;24;40;48;2;25;24;39m▄\e[38;2;23;21;37;48;2;22;21;36m▄▄\e[48;2;22;21;36m    \e[38;2;35;33;49;48;2;41;39;55m▄\e[48;2;46;43;58m  \e[38;2;43;40;55;48;2;45;42;57m▄\e[49;38;2;43;40;55m▀▀\e[49m                     \e[m
\e[49m                      \e[38;2;41;39;55;48;2;43;40;55m▄\e[38;2;40;38;55;48;2;46;43;58m▄\e[48;2;46;43;58m   \e[38;2;43;40;55;48;2;28;27;43m▄\e[38;2;41;39;55;48;2;28;27;43m▄\e[48;2;28;27;43m               \e[38;2;43;40;55;48;2;28;27;43m▄\e[38;2;45;42;57;48;2;29;28;44m▄\e[48;2;46;43;58m  \e[48;2;45;42;57m \e[49m                       \e[m
\e[49m                        \e[49;38;2;41;39;55m▀\e[49;38;2;43;40;55m▀\e[38;2;39;38;56;48;2;46;43;58m▄\e[38;2;43;40;55;48;2;46;43;58m▄\e[38;2;44;41;56;48;2;46;43;58m▄\e[38;2;44;40;56;48;2;46;43;58m▄\e[38;2;46;43;58;48;2;43;40;56m▄\e[38;2;46;43;58;48;2;28;27;43m▄\e[38;2;46;43;58;48;2;42;39;55m▄\e[38;2;46;43;58;48;2;43;40;55m▄\e[38;2;43;40;55;48;2;39;37;54m▄\e[48;2;28;27;43m  \e[38;2;32;30;47;48;2;28;27;43m▄\e[48;2;43;40;55m \e[38;2;46;43;58;48;2;43;40;55m▄\e[38;2;46;43;58;48;2;40;38;55m▄\e[38;2;43;40;55;48;2;39;37;54m▄\e[48;2;43;40;55m \e[38;2;43;40;55;48;2;46;43;58m▄▄\e[38;2;44;41;56;48;2;46;43;58m▄\e[38;2;42;40;55;48;2;46;43;58m▄\e[49;38;2;39;37;54m▀\e[49m                        \e[m
\e[49m                               \e[49;38;2;43;40;55m▀\e[38;2;43;40;55;48;2;46;43;58m▄\e[38;2;42;39;55;48;2;46;43;58m▄\e[38;2;28;27;43;48;2;39;37;54m▄\e[48;2;28;27;43m   \e[38;2;28;27;43;48;2;43;40;55m▄\e[38;2;43;40;55;48;2;46;43;58m▄\e[49;38;2;43;40;55m▀\e[49m                               \e[m
\e[49m                                 \e[49;38;2;39;37;54m▀\e[49;38;2;28;27;43m▀▀▀▀\e[49;38;2;39;36;54m▀\e[49m                                 \e[m
